18 18 18 18 18 18 18 18 18 18 18 18 18 18 18 18 18 18 18 18 18 18 18 18 18 18 18 18 18 18 18 18 18 18 18 18 18 18 18 18 18 18 18 18 18 18 18 18 18 18 
18 18 18 18 18 18 18 18 18 18 18 18 18 18 18 18 18 18 18 18 18 18 18 18 18 18 18 18 18 18 18 18 18 18 18 18 18 18 18 18 18 18 18 18 18 18 18 18 18 18 
18 18 18 18 18 18 18 18 18 18 18 18 18 18 18 18 18 18 18 18 18 18 18 18 18 18 18 18 18 18 18 18 18 18 18 18 18 18 18 18 18 18 18 18 18 18 18 18 18 18 
18 18 18 18 18 18 18 18 18 18 18 18 18 18 18 18 18 18 18 18 18 18 18 18 18 18 18 18 18 18 18 18 18 18 18 18 18 18 18 18 18 18 18 18 18 18 18 18 18 18 
18 18 18 18 18 18 18 18 18 18 18 18 18 18 18 18 18 18 18 18 18 18 18 18 18 18 19 18 18 19 18 19 18 19 18 18 18 18 18 18 18 18 18 18 18 18 18 18 18 18 
18 18 18 18 18 18 18 18 18 18 18 18 18 18 18 18 18 18 18 18 19 18 19 18 19 18 18 18 19 18 18 19 19 18 18 18 18 18 28 29 18 18 18 18 18 18 18 18 18 18 
18 18 18 18 18 18 18 18 18 18 18 18 28 26 26 26 26 26 26 26 26 29 18 18 19 19 18 19 19 19 28 26 26 26 26 26 26 29 30 31 18 18 18 18 18 18 18 18 18 18 
18 18 18 18 18 18 18 18 18 18 18 18 24 16 16 16 16 16 16 16 16 25 26 29 19 26 26 26 26 26 27 16 16 16 2 2 2 25 26 26 26 29 18 18 18 18 18 18 18 18 
18 18 18 18 18 18 18 18 18 28 29 18 24 16 2 2 1 2 1 2 1 16 1 25 27 1 16 16 16 16 16 16 16 12 10 10 10 10 10 13 16 23 18 18 18 18 18 18 18 18 
18 18 18 18 18 18 18 18 18 30 31 18 24 16 2 16 16 16 16 16 16 16 16 16 16 16 16 16 16 16 16 16 16 8 3 3 3 3 3 7 16 23 18 18 18 18 18 18 18 18 
18 18 18 18 18 18 18 18 28 26 26 26 27 16 2 16 1 16 1 1 2 2 1 16 1 1 2 1 2 1 2 16 16 8 3 3 3 3 3 7 16 23 18 18 18 18 18 18 18 18 
18 18 18 18 18 18 18 18 24 12 10 13 16 16 1 1 1 16 1 1 16 1 1 16 1 1 1 1 16 16 16 16 16 8 3 3 3 3 3 7 16 23 18 18 18 18 18 18 18 18 
18 18 18 18 18 18 18 18 24 8 3 7 16 1 1 1 2 16 1 16 2 16 1 16 1 16 1 1 2 1 1 16 16 14 5 6 3 4 5 15 16 23 18 18 18 18 18 18 18 18 
18 18 18 18 18 18 18 18 24 8 3 7 2 1 1 16 2 1 1 16 2 16 1 1 1 16 16 16 16 1 1 16 16 16 16 8 3 7 16 16 16 23 18 18 18 18 18 18 18 18 
18 18 18 18 18 18 18 18 24 14 5 15 16 16 16 16 1 1 2 16 2 16 1 1 1 16 1 16 2 1 1 16 16 16 16 8 3 7 16 20 21 31 18 18 18 18 18 18 18 18 
18 18 18 18 18 18 18 18 30 21 21 21 21 21 22 16 1 16 2 1 1 16 16 16 16 16 1 16 1 1 16 16 16 16 16 8 3 7 16 23 28 29 18 18 18 18 18 18 18 18 
18 18 18 18 18 18 18 18 28 26 26 26 26 26 27 16 1 16 1 2 1 1 1 1 16 2 1 16 1 2 2 16 16 16 16 8 3 7 16 23 30 31 18 18 18 18 18 18 18 18 
18 18 18 18 18 18 18 18 24 1 12 13 1 1 1 1 1 16 16 16 16 16 2 1 16 2 2 16 1 16 1 16 16 16 16 8 3 7 16 23 18 18 18 18 18 18 18 18 18 18 
18 18 18 18 18 18 18 18 24 1 14 15 1 16 16 16 16 16 12 10 10 10 10 13 16 1 12 13 1 16 1 2 1 1 2 14 5 15 16 25 26 29 18 18 18 18 18 18 18 18 
18 18 18 18 18 18 18 18 24 16 16 2 16 16 16 16 16 16 8 3 3 3 3 7 16 1 14 15 1 16 16 16 16 16 16 16 16 16 16 2 2 23 18 18 18 18 18 18 18 18 
18 18 18 18 18 18 18 18 24 16 16 1 16 16 16 16 16 16 14 5 5 5 5 15 16 16 16 16 16 16 16 16 16 16 16 16 16 16 16 16 16 23 18 19 18 18 18 18 18 18 
18 18 18 18 18 18 18 18 24 16 16 1 1 1 1 16 16 16 16 16 16 16 16 16 16 16 16 16 16 16 16 16 16 16 16 16 16 16 16 16 16 23 19 18 18 18 18 18 18 18 
18 18 18 18 18 18 18 18 24 16 16 16 16 16 1 16 16 16 16 16 16 16 16 16 16 16 16 16 16 16 16 16 16 16 16 20 21 21 21 21 21 31 18 18 18 18 18 18 18 18 
18 18 18 18 18 18 18 18 30 21 21 21 22 12 10 13 16 16 16 16 16 16 16 2 1 1 1 1 1 1 1 1 1 1 1 23 19 18 19 18 19 18 19 18 18 18 18 18 18 18 
18 18 18 18 18 18 18 19 18 19 18 18 24 8 3 7 16 16 16 16 16 16 16 2 16 16 16 16 16 16 16 16 16 1 1 23 18 19 18 19 18 19 18 18 18 18 18 18 18 18 
18 18 18 18 18 18 18 19 19 19 28 29 24 8 3 9 10 10 10 10 10 13 2 2 16 16 16 16 16 16 16 16 16 1 1 25 26 26 26 26 26 29 18 19 18 18 18 18 18 18 
18 18 18 18 18 18 19 18 18 19 30 31 24 8 3 3 3 3 3 3 3 7 1 2 16 16 16 16 16 16 16 16 16 1 2 1 1 1 1 1 1 23 18 18 18 18 18 18 18 18 
18 18 18 18 18 18 19 18 18 19 18 19 24 8 3 4 5 5 5 5 5 15 16 2 16 16 16 16 16 16 16 16 16 16 16 16 16 16 16 16 16 23 18 19 18 18 18 18 18 18 
18 18 18 18 18 18 18 18 19 19 18 19 24 8 3 7 16 16 16 16 16 16 16 2 16 16 16 16 16 16 16 16 16 16 16 16 16 16 16 16 16 23 18 18 18 18 18 18 18 18 
18 18 18 18 18 18 19 19 28 29 19 19 24 8 3 7 16 2 2 2 2 2 2 2 16 16 16 16 16 16 16 16 16 16 16 16 16 16 16 16 16 23 19 18 18 18 18 18 18 18 
18 18 18 18 18 18 18 19 30 31 18 28 27 8 3 7 16 16 16 16 16 16 16 16 16 16 16 16 16 16 16 16 16 16 16 16 16 16 16 16 16 23 18 18 18 18 18 18 18 18 
18 18 18 18 18 18 18 18 28 26 26 27 12 11 3 9 13 1 2 2 1 16 16 16 16 16 16 16 16 16 16 16 16 16 16 16 16 16 16 16 16 23 18 18 18 18 18 18 18 18 
18 18 18 18 18 18 18 18 24 12 10 10 11 32 3 32 9 10 10 13 1 16 16 16 16 16 16 16 16 16 16 16 16 16 16 16 16 16 16 16 16 23 18 18 18 18 18 18 18 18 
18 18 18 18 18 18 18 18 24 8 32 32 32 34 34 34 32 32 32 7 1 16 16 16 16 16 16 16 16 16 16 16 16 16 16 16 16 16 16 16 16 23 18 18 18 18 18 18 18 18 
18 18 18 18 18 18 18 18 24 8 32 34 34 34 34 34 34 34 32 7 2 16 16 16 16 16 16 16 16 16 16 16 16 16 16 16 16 16 16 16 16 23 18 18 18 18 18 18 18 18 
18 18 18 18 18 18 18 18 24 8 32 34 34 34 35 34 34 34 32 7 2 2 1 1 1 1 1 1 1 2 1 2 1 12 32 32 32 32 32 32 16 23 18 18 18 18 18 18 18 18 
18 18 18 18 18 18 18 18 24 8 32 34 34 34 34 34 34 34 32 7 2 16 16 16 16 16 16 16 1 1 1 1 1 8 32 32 17 17 17 32 16 23 18 18 18 18 18 18 18 18 
18 18 18 18 18 18 18 18 24 8 32 32 32 32 32 32 32 32 32 7 1 16 16 16 16 16 16 16 1 2 2 1 1 8 17 17 17 17 17 32 16 23 18 18 18 18 18 18 18 18 
18 18 18 18 18 18 18 18 24 14 5 5 5 5 5 5 5 5 5 15 1 16 16 16 16 16 16 16 1 1 2 1 1 8 17 17 17 17 17 32 16 23 18 18 18 18 18 18 18 18 
18 18 18 18 18 18 18 18 30 22 1 1 1 1 2 1 2 2 1 1 1 16 16 16 16 16 16 16 2 2 2 2 1 8 32 32 17 17 36 32 16 23 18 18 18 18 18 18 18 18 
18 18 18 18 18 18 18 18 18 30 22 1 2 1 1 1 1 1 2 2 1 16 16 16 16 16 16 16 1 1 1 2 1 14 32 32 32 32 32 32 16 23 18 18 18 18 18 18 18 18 
18 18 18 18 18 18 18 18 18 18 30 21 21 21 21 22 1 1 1 1 1 16 16 16 16 16 16 16 16 16 16 16 16 16 16 16 16 16 16 16 16 23 18 18 18 18 18 18 18 18 
18 18 18 18 18 18 18 18 18 18 18 18 18 18 18 30 21 21 21 21 21 21 21 21 21 21 21 21 21 21 21 21 21 21 21 21 21 21 21 21 21 31 18 18 18 18 18 18 18 18 
18 18 18 18 18 18 18 18 18 18 18 18 18 18 18 18 18 18 18 18 18 18 18 18 18 18 18 18 18 18 18 18 18 18 18 18 18 18 18 18 18 18 18 18 18 18 18 18 18 18 
18 18 18 18 18 18 18 18 18 18 18 18 18 18 18 18 18 18 18 18 18 18 18 18 18 18 18 18 18 18 18 18 18 18 18 18 18 18 18 18 18 18 18 18 18 18 18 18 18 18 
18 18 18 18 18 18 18 18 18 18 18 18 18 18 18 18 18 18 18 18 18 18 18 18 18 18 18 18 18 18 18 18 18 18 18 18 18 18 18 18 18 18 18 18 18 18 18 18 18 18 
18 18 18 18 18 18 18 18 18 18 18 18 18 18 18 18 18 18 18 18 18 18 18 18 18 18 18 18 18 18 18 18 18 18 18 18 18 18 18 18 18 18 18 18 18 18 18 18 18 18 
18 18 18 18 18 18 18 18 18 18 18 18 18 18 18 18 18 18 18 18 18 18 18 18 18 18 18 18 18 18 18 18 18 18 18 18 18 18 18 18 18 18 18 18 18 18 18 18 18 18 
18 18 18 18 18 18 18 18 18 18 18 18 18 18 18 18 18 18 18 18 18 18 18 18 18 18 18 18 18 18 18 18 18 18 18 18 18 18 18 18 18 18 18 18 18 18 18 18 18 18 
18 18 18 18 18 18 18 18 18 18 18 18 18 18 18 18 18 18 18 18 18 18 18 18 18 18 18 18 18 18 18 18 18 18 18 18 18 18 18 18 18 18 18 18 18 18 18 18 18 18 
